====================================================
 WeighBridge Serial Diagnostic
====================================================
Timestamp : 2026-08-29 12:57:59.888
Port      : 
Baud      : 9600
DataBits  : 8
Parity    : None
StopBits  : One
Handshake : None
DTR       : False
RTS       : False
Mode      : RAW + PARSER
Duration  : Infinite
----------------------------------------------------

[12:57:59.904] LEVEL 1: Replay file opened successfully.
[12:57:59.929] RX CHUNK: 256 bytes | 15 ms since previous RX
HEX   : 30 30 30 30 30 33 30 30 00 5B 30 30 30 30 33 30 30 00 5B 30 30 30 30 33 30 30 00 5B 30 30 30 30 33 30 30 00 5B 30 30 30 30 33 30 30 00 5B 30 30 30 30 33 30 30 00 5B 30 30 30 30 33 30 30 00 5B 30 30 30 30 33 30 30 00 5B 30 30 30 30 33 30 30 00 5B 30 30 30 30 33 30 30 00 5B 30 30 30 30 33 30 30 00 5B 30 30 30 30 33 30 30 00 5B 30 30 30 30 33 35 30 00 5B 30 30 30 30 33 35 30 00 5B 30 30 30 30 33 35 30 00 5B 30 30 30 30 33 35 30 00 5B 30 30 30 30 33 35 30 00 5B 30 30 30 30 33 35 30 00 5B 30 30 30 30 33 30 30 00 5B 30 30 30 30 33 30 30 00 5B 30 30 30 30 32 35 30 00 5B 30 30 30 30 32 35 30 00 5B 30 30 30 30 32 30 30 00 5B 30 30 30 30 32 30 30 00 5B 30 30 30 30 32 30 30 00 5B 30 30 30 30 32 30 30 00 5B 30 30 30 30 32 30 30 00 5B 30 30 30 30 32 35 30 00 5B 30 30 30
ASCII : 00000300.[0000300.[0000300.[0000300.[0000300.[0000300.[0000300.[0000300.[0000300.[0000300.[0000300.[0000300.[0000350.[0000350.[0000350.[0000350.[0000350.[0000350.[0000300.[0000300.[0000250.[0000250.[0000200.[0000200.[0000200.[0000200.[0000200.[0000250.[000

[12:58:03.006] RX CHUNK: 256 bytes | 15 ms since previous RX
HEX   : 30 32 35 30 00 5B 30 30 30 30 33 30 30 00 5B 30 30 30 30 33 30 30 00 5B 30 30 30 30 33 30 30 00 5B 30 30 30 30 33 30 30 00 5B 30 30 30 30 33 30 30 00 5B 30 30 30 30 33 30 30 00 5B 30 30 30 30 33 30 30 00 5B 30 30 30 30 33 30 30 00 5B 30 30 30 30 33 30 30 00 5B 30 30 30 30 33 30 30 00 5B 30 30 30 30 32 35 30 00 5B 30 30 30 30 32 35 30 00 5B 30 30 30 30 33 30 30 00 5B 30 30 30 30 33 30 30 00 5B 30 30 30 30 33 30 30 00 5B 30 30 30 30 32 35 30 00 5B 30 30 30 30 32 35 30 00 5B 30 30 30 30 32 35 30 00 5B 30 30 30 30 32 35 30 00 5B 30 30 30 30 32 35 30 00 5B 30 30 30 30 32 35 30 00 5B 30 30 30 30 32 35 30 00 5B 30 30 30 30 32 35 30 00 5B 30 30 30 30 32 35 30 00 5B 30 30 30 30 32 35 30 00 5B 30 30 30 30 32 35 30 00 5B 30 30 30 30 32 35 30 00 5B 30 30 30 30 32 35 30
ASCII : 0250.[0000300.[0000300.[0000300.[0000300.[0000300.[0000300.[0000300.[0000300.[0000300.[0000300.[0000250.[0000250.[0000300.[0000300.[0000300.[0000250.[0000250.[0000250.[0000250.[0000250.[0000250.[0000250.[0000250.[0000250.[0000250.[0000250.[0000250.[0000250

[12:58:03.059] RX CHUNK: 256 bytes | 15 ms since previous RX
HEX   : 00 5B 30 30 30 30 32 35 30 00 5B 30 30 30 30 32 35 30 00 5B 30 30 30 30 32 35 30 00 5B 30 30 30 30 32 35 30 00 5B 30 30 30 30 32 35 30 00 5B 30 30 30 30 32 35 30 00 5B 30 30 30 30 32 35 30 00 5B 30 30 30 30 32 35 30 00 5B 30 30 30 30 32 35 30 00 5B 30 30 30 30 32 35 30 00 5B 30 30 30 30 32 35 30 00 5B 30 30 30 30 32 35 30 00 5B 30 30 30 30 32 30 30 00 5B 30 30 30 30 32 30 30 00 5B 30 30 30 30 32 30 30 00 5B 30 30 30 30 32 30 30 00 5B 30 30 30 30 32 30 30 00 5B 30 30 30 30 32 30 30 00 5B 30 30 30 30 32 30 30 00 5B 30 30 30 30 32 35 30 00 5B 30 30 30 30 32 35 30 00 5B 30 30 30 30 32 35 30 00 5B 30 30 30 30 32 35 30 00 5B 30 30 30 30 32 35 30 00 5B 30 30 30 30 32 35 30 00 5B 30 30 30 30 33 30 30 00 5B 30 30 30 30 33 30 30 00 5B 30 30 30 30 32 35 30 00 5B 30 30
ASCII : .[0000250.[0000250.[0000250.[0000250.[0000250.[0000250.[0000250.[0000250.[0000250.[0000250.[0000250.[0000250.[0000200.[0000200.[0000200.[0000200.[0000200.[0000200.[0000200.[0000250.[0000250.[0000250.[0000250.[0000250.[0000250.[0000300.[0000300.[0000250.[00

[12:58:03.082] RX CHUNK: 256 bytes | 15 ms since previous RX
HEX   : 30 30 32 35 30 00 5B 30 30 30 30 32 35 30 00 5B 30 30 30 30 32 35 30 00 5B 30 30 30 30 32 35 30 00 5B 30 30 30 30 32 35 30 00 5B 30 30 30 30 32 35 30 00 5B 30 30 30 30 32 35 30 00 5B 30 30 30 30 32 35 30 00 5B 30 30 30 30 32 35 30 00 5B 30 30 30 30 32 35 30 00 5B 30 30 30 30 32 35 30 00 5B 30 30 30 30 32 35 30 00 5B 30 30 30 30 32 35 30 00 5B 30 30 30 30 32 35 30 00 5B 30 30 30 30 32 35 30 00 5B 30 30 30 30 32 35 30 00 5B 30 30 30 30 32 35 30 00 5B 30 30 30 30 32 35 30 00 5B 30 30 30 30 32 35 30 00 5B 30 30 30 30 32 35 30 00 5B 30 30 30 30 33 30 30 00 5B 30 30 30 30 33 30 30 00 5B 30 30 30 30 33 35 30 00 5B 30 30 30 30 33 35 30 00 5B 30 30 30 30 34 30 30 00 5B 30 30 30 30 34 30 30 00 5B 30 30 30 30 34 30 30 00 5B 30 30 30 30 34 30 30 00 5B 30 30 30 30 34 30
ASCII : 00250.[0000250.[0000250.[0000250.[0000250.[0000250.[0000250.[0000250.[0000250.[0000250.[0000250.[0000250.[0000250.[0000250.[0000250.[0000250.[0000250.[0000250.[0000250.[0000250.[0000300.[0000300.[0000350.[0000350.[0000400.[0000400.[0000400.[0000400.[000040

[12:58:03.113] RX CHUNK: 61 bytes | 15 ms since previous RX
HEX   : 30 00 5B 30 30 30 30 34 30 30 00 5B 30 30 30 30 34 30 30 00 5B 30 30 30 30 33 35 30 00 5B 30 30 30 30 33 35 30 00 5B 30 30 30 30 33 30 30 00 5B 30 30 30 30 33 30 30 00 5B 30 30 30 30
ASCII : 0.[0000400.[0000400.[0000350.[0000350.[0000300.[0000300.[0000

